SN:3K430000011034 BD:Jun 13 2018 VC:1b25605 MD5:6b0db77fe57db46f4053c6adab9edcba
                     Time,      [CH4]_ppm,   [CH4]_ppm_sd,      [H2O]_ppm,   [H2O]_ppm_sd,      [CO2]_ppm,   [CO2]_ppm_sd,     [CH4]d_ppm,  [CH4]d_ppm_sd,     [CO2]d_ppm,  [CO2]d_ppm_sd,      GasP_torr,   GasP_torr_sd,         GasT_C,      GasT_C_sd,         AmbT_C,      AmbT_C_sd,         RD0_us,      RD0_us_sd,         RD1_us,      RD1_us_sd,         LTC0_v,      LTC0_v_sd,         LTC1_v,      LTC1_v_sd, Temp_Status_mA,Temp_Status_mA_sd,Analyzer_Status_mA,Analyzer_Status_mA_sd,       Fit_Flag,      MIU_VALVE,       MIU_DESC
  06/20/2022 11:54:27.964,     5.35826e+0,     0.00000e+0,     3.11812e+4,     0.00000e+0,     3.98155e+2,     0.00000e+0,     5.53071e+0,     0.00000e+0,     4.10970e+2,     0.00000e+0,     1.40270e+2,     0.00000e+0,     3.60916e+1,     0.00000e+0,     3.79994e+1,     0.00000e+0,     1.12986e+1,     0.00000e+0,     8.31369e+0,     0.00000e+0,     6.91674e-1,     0.00000e+0,    -7.62063e+0,     0.00000e+0,     2.00000e+1,     0.00000e+0,     2.00000e+1,     0.00000e+0,              2,             -1,       Disabled
  06/20/2022 11:54:28.958,     5.47696e+0,     0.00000e+0,     3.21873e+4,     0.00000e+0,     3.95386e+2,     0.00000e+0,     5.65911e+0,     0.00000e+0,     4.08536e+2,     0.00000e+0,     1.40319e+2,     0.00000e+0,     3.60926e+1,     0.00000e+0,     3.79959e+1,     0.00000e+0,     1.12970e+1,     0.00000e+0,     8.31504e+0,     0.00000e+0,     6.91674e-1,     0.00000e+0,    -7.62063e+0,     0.00000e+0,     2.00000e+1,     0.00000e+0,     2.00000e+1,     0.00000e+0,              2,             -1,       Disabled
  06/20/2022 11:54:29.953,     5.58376e+0,     0.00000e+0,     3.16559e+4,     0.00000e+0,     3.92272e+2,     0.00000e+0,     5.76630e+0,     0.00000e+0,     4.05096e+2,     0.00000e+0,     1.40304e+2,     0.00000e+0,     3.60933e+1,     0.00000e+0,     3.79920e+1,     0.00000e+0,     1.12990e+1,     0.00000e+0,     8.31418e+0,     0.00000e+0,     6.94077e-1,     0.00000e+0,    -7.61785e+0,     0.00000e+0,     2.00000e+1,     0.00000e+0,     2.00000e+1,     0.00000e+0,              2,             -1,       Disabled
  06/20/2022 11:54:30.948,     5.65871e+0,     0.00000e+0,     3.13219e+4,     0.00000e+0,     3.94411e+2,     0.00000e+0,     5.84168e+0,     0.00000e+0,     4.07165e+2,     0.00000e+0,     1.40314e+2,     0.00000e+0,     3.60945e+1,     0.00000e+0,     3.79923e+1,     0.00000e+0,     1.12977e+1,     0.00000e+0,     8.31475e+0,     0.00000e+0,     6.94077e-1,     0.00000e+0,    -7.61785e+0,     0.00000e+0,     2.00000e+1,     0.00000e+0,     2.00000e+1,     0.00000e+0,              2,             -1,       Disabled
  06/20/2022 11:54:31.943,     5.70178e+0,     0.00000e+0,     3.09712e+4,     0.00000e+0,     3.92573e+2,     0.00000e+0,     5.88401e+0,     0.00000e+0,     4.05120e+2,     0.00000e+0,     1.40323e+2,     0.00000e+0,     3.60954e+1,     0.00000e+0,     3.79899e+1,     0.00000e+0,     1.13026e+1,     0.00000e+0,     8.31415e+0,     0.00000e+0,     6.96211e-1,     0.00000e+0,    -7.61557e+0,     0.00000e+0,     2.00000e+1,     0.00000e+0,     2.00000e+1,     0.00000e+0,              2,             -1,       Disabled
  06/20/2022 11:54:32.937,     5.73420e+0,     0.00000e+0,     3.07815e+4,     0.00000e+0,     3.93683e+2,     0.00000e+0,     5.91631e+0,     0.00000e+0,     4.06186e+2,     0.00000e+0,     1.40363e+2,     0.00000e+0,     3.60961e+1,     0.00000e+0,     3.79881e+1,     0.00000e+0,     1.12998e+1,     0.00000e+0,     8.31465e+0,     0.00000e+0,     6.96211e-1,     0.00000e+0,    -7.61557e+0,     0.00000e+0,     2.00000e+1,     0.00000e+0,     2.00000e+1,     0.00000e+0,              2,             -1,       Disabled
  06/20/2022 11:54:33.931,     5.74691e+0,     0.00000e+0,     3.05792e+4,     0.00000e+0,     3.92114e+2,     0.00000e+0,     5.92819e+0,     0.00000e+0,     4.04483e+2,     0.00000e+0,     1.40360e+2,     0.00000e+0,     3.60961e+1,     0.00000e+0,     3.79845e+1,     0.00000e+0,     1.13033e+1,     0.00000e+0,     8.31557e+0,     0.00000e+0,     6.98096e-1,     0.00000e+0,    -7.61367e+0,     0.00000e+0,     2.00000e+1,     0.00000e+0,     2.00000e+1,     0.00000e+0,              2,             -1,       Disabled
  06/20/2022 11:54:34.926,     5.73127e+0,     0.00000e+0,     3.04345e+4,     0.00000e+0,     3.92877e+2,     0.00000e+0,     5.91117e+0,     0.00000e+0,     4.05209e+2,     0.00000e+0,     1.40353e+2,     0.00000e+0,     3.60965e+1,     0.00000e+0,     3.79857e+1,     0.00000e+0,     1.13026e+1,     0.00000e+0,     8.31498e+0,     0.00000e+0,     6.98096e-1,     0.00000e+0,    -7.61367e+0,     0.00000e+0,     2.00000e+1,     0.00000e+0,     2.00000e+1,     0.00000e+0,              2,             -1,       Disabled
  06/20/2022 11:54:35.920,     5.67577e+0,     0.00000e+0,     3.02662e+4,     0.00000e+0,     3.91566e+2,     0.00000e+0,     5.85291e+0,     0.00000e+0,     4.03787e+2,     0.00000e+0,     1.40348e+2,     0.00000e+0,     3.60975e+1,     0.00000e+0,     3.79857e+1,     0.00000e+0,     1.13018e+1,     0.00000e+0,     8.31591e+0,     0.00000e+0,     6.99783e-1,     0.00000e+0,    -7.61210e+0,     0.00000e+0,     2.00000e+1,     0.00000e+0,     2.00000e+1,     0.00000e+0,              2,             -1,       Disabled
  06/20/2022 11:54:36.916,     5.60494e+0,     0.00000e+0,     3.01605e+4,     0.00000e+0,     3.92031e+2,     0.00000e+0,     5.77925e+0,     0.00000e+0,     4.04223e+2,     0.00000e+0,     1.40300e+2,     0.00000e+0,     3.60981e+1,     0.00000e+0,     3.79818e+1,     0.00000e+0,     1.13041e+1,     0.00000e+0,     8.31494e+0,     0.00000e+0,     6.99783e-1,     0.00000e+0,    -7.61210e+0,     0.00000e+0,     2.00000e+1,     0.00000e+0,     2.00000e+1,     0.00000e+0,              2,             -1,       Disabled
  06/20/2022 11:54:37.917,     5.52113e+0,     0.00000e+0,     3.00347e+4,     0.00000e+0,     3.90859e+2,     0.00000e+0,     5.69209e+0,     0.00000e+0,     4.02962e+2,     0.00000e+0,     1.40296e+2,     0.00000e+0,     3.60987e+1,     0.00000e+0,     3.79783e+1,     0.00000e+0,     1.13004e+1,     0.00000e+0,     8.31505e+0,     0.00000e+0,     7.01292e-1,     0.00000e+0,    -7.61079e+0,     0.00000e+0,     2.00000e+1,     0.00000e+0,     2.00000e+1,     0.00000e+0,              2,             -1,       Disabled
  06/20/2022 11:54:38.911,     5.43576e+0,     0.00000e+0,     2.99133e+4,     0.00000e+0,     3.91405e+2,     0.00000e+0,     5.60337e+0,     0.00000e+0,     4.03474e+2,     0.00000e+0,     1.40291e+2,     0.00000e+0,     3.61004e+1,     0.00000e+0,     3.79748e+1,     0.00000e+0,     1.13023e+1,     0.00000e+0,     8.31446e+0,     0.00000e+0,     7.01292e-1,     0.00000e+0,    -7.61079e+0,     0.00000e+0,     2.00000e+1,     0.00000e+0,     2.00000e+1,     0.00000e+0,              2,             -1,       Disabled
  06/20/2022 11:54:39.905,     5.35637e+0,     0.00000e+0,     2.98795e+4,     0.00000e+0,     3.90148e+2,     0.00000e+0,     5.52134e+0,     0.00000e+0,     4.02165e+2,     0.00000e+0,     1.40270e+2,     0.00000e+0,     3.61006e+1,     0.00000e+0,     3.79777e+1,     0.00000e+0,     1.13029e+1,     0.00000e+0,     8.31423e+0,     0.00000e+0,     7.02635e-1,     0.00000e+0,    -7.60973e+0,     0.00000e+0,     2.00000e+1,     0.00000e+0,     2.00000e+1,     0.00000e+0,              2,             -1,       Disabled
  06/20/2022 11:54:40.899,     5.28267e+0,     0.00000e+0,     2.97754e+4,     0.00000e+0,     3.90766e+2,     0.00000e+0,     5.44479e+0,     0.00000e+0,     4.02758e+2,     0.00000e+0,     1.40310e+2,     0.00000e+0,     3.61006e+1,     0.00000e+0,     3.79741e+1,     0.00000e+0,     1.13033e+1,     0.00000e+0,     8.31485e+0,     0.00000e+0,     7.02635e-1,     0.00000e+0,    -7.60973e+0,     0.00000e+0,     2.00000e+1,     0.00000e+0,     2.00000e+1,     0.00000e+0,              2,             -1,       Disabled
  06/20/2022 11:54:41.895,     5.21245e+0,     0.00000e+0,     2.97995e+4,     0.00000e+0,     3.90236e+2,     0.00000e+0,     5.37254e+0,     0.00000e+0,     4.02222e+2,     0.00000e+0,     1.40321e+2,     0.00000e+0,     3.61019e+1,     0.00000e+0,     3.79781e+1,     0.00000e+0,     1.13037e+1,     0.00000e+0,     8.31374e+0,     0.00000e+0,     7.03800e-1,     0.00000e+0,    -7.60886e+0,     0.00000e+0,     2.00000e+1,     0.00000e+0,     2.00000e+1,     0.00000e+0,              2,             -1,       Disabled
  06/20/2022 11:54:42.888,     5.15291e+0,     0.00000e+0,     2.97068e+4,     0.00000e+0,     3.90534e+2,     0.00000e+0,     5.31068e+0,     0.00000e+0,     4.02491e+2,     0.00000e+0,     1.40332e+2,     0.00000e+0,     3.61025e+1,     0.00000e+0,     3.79745e+1,     0.00000e+0,     1.13051e+1,     0.00000e+0,     8.31405e+0,     0.00000e+0,     7.03800e-1,     0.00000e+0,    -7.60886e+0,     0.00000e+0,     2.00000e+1,     0.00000e+0,     2.00000e+1,     0.00000e+0,              2,             -1,       Disabled
  06/20/2022 11:54:43.884,     5.09387e+0,     0.00000e+0,     2.97067e+4,     0.00000e+0,     3.89869e+2,     0.00000e+0,     5.24983e+0,     0.00000e+0,     4.01805e+2,     0.00000e+0,     1.40374e+2,     0.00000e+0,     3.61032e+1,     0.00000e+0,     3.79742e+1,     0.00000e+0,     1.13044e+1,     0.00000e+0,     8.31506e+0,     0.00000e+0,     7.04818e-1,     0.00000e+0,    -7.60816e+0,     0.00000e+0,     2.00000e+1,     0.00000e+0,     2.00000e+1,     0.00000e+0,              2,             -1,       Disabled
  06/20/2022 11:54:44.878,     5.04301e+0,     0.00000e+0,     2.97210e+4,     0.00000e+0,     3.90229e+2,     0.00000e+0,     5.19749e+0,     0.00000e+0,     4.02182e+2,     0.00000e+0,     1.40354e+2,     0.00000e+0,     3.61030e+1,     0.00000e+0,     3.79734e+1,     0.00000e+0,     1.13034e+1,     0.00000e+0,     8.31376e+0,     0.00000e+0,     7.04818e-1,     0.00000e+0,    -7.60816e+0,     0.00000e+0,     2.00000e+1,     0.00000e+0,     2.00000e+1,     0.00000e+0,              2,             -1,       Disabled
  06/20/2022 11:54:45.872,     4.99456e+0,     0.00000e+0,     2.96952e+4,     0.00000e+0,     3.90222e+2,     0.00000e+0,     5.14741e+0,     0.00000e+0,     4.02165e+2,     0.00000e+0,     1.40348e+2,     0.00000e+0,     3.61041e+1,     0.00000e+0,     3.79768e+1,     0.00000e+0,     1.13031e+1,     0.00000e+0,     8.31225e+0,     0.00000e+0,     7.05730e-1,     0.00000e+0,    -7.60756e+0,     0.00000e+0,     2.00000e+1,     0.00000e+0,     2.00000e+1,     0.00000e+0,              2,             -1,       Disabled
  06/20/2022 11:54:46.867,     4.95760e+0,     0.00000e+0,     2.96732e+4,     0.00000e+0,     3.90087e+2,     0.00000e+0,     5.10921e+0,     0.00000e+0,     4.02017e+2,     0.00000e+0,     1.40340e+2,     0.00000e+0,     3.61047e+1,     0.00000e+0,     3.79747e+1,     0.00000e+0,     1.13051e+1,     0.00000e+0,     8.31431e+0,     0.00000e+0,     7.05730e-1,     0.00000e+0,    -7.60756e+0,     0.00000e+0,     2.00000e+1,     0.00000e+0,     2.00000e+1,     0.00000e+0,              2,             -1,       Disabled
  06/20/2022 11:54:47.861,     4.91840e+0,     0.00000e+0,     2.96991e+4,     0.00000e+0,     3.89942e+2,     0.00000e+0,     5.06895e+0,     0.00000e+0,     4.01878e+2,     0.00000e+0,     1.40299e+2,     0.00000e+0,     3.61054e+1,     0.00000e+0,     3.79746e+1,     0.00000e+0,     1.13028e+1,     0.00000e+0,     8.31445e+0,     0.00000e+0,     7.06547e-1,     0.00000e+0,    -7.60707e+0,     0.00000e+0,     2.00000e+1,     0.00000e+0,     2.00000e+1,     0.00000e+0,              2,             -1,       Disabled
  06/20/2022 11:54:48.857,     4.87987e+0,     0.00000e+0,     2.97037e+4,     0.00000e+0,     3.90210e+2,     0.00000e+0,     5.02925e+0,     0.00000e+0,     4.02156e+2,     0.00000e+0,     1.40296e+2,     0.00000e+0,     3.61057e+1,     0.00000e+0,     3.79700e+1,     0.00000e+0,     1.13056e+1,     0.00000e+0,     8.31331e+0,     0.00000e+0,     7.06547e-1,     0.00000e+0,    -7.60707e+0,     0.00000e+0,     2.00000e+1,     0.00000e+0,     2.00000e+1,     0.00000e+0,              2,             -1,       Disabled
  06/20/2022 11:54:49.850,     4.84262e+0,     0.00000e+0,     2.96853e+4,     0.00000e+0,     3.90032e+2,     0.00000e+0,     4.99077e+0,     0.00000e+0,     4.01964e+2,     0.00000e+0,     1.40295e+2,     0.00000e+0,     3.61068e+1,     0.00000e+0,     3.79709e+1,     0.00000e+0,     1.13031e+1,     0.00000e+0,     8.31260e+0,     0.00000e+0,     7.07282e-1,     0.00000e+0,    -7.60669e+0,     0.00000e+0,     2.00000e+1,     0.00000e+0,     2.00000e+1,     0.00000e+0,              2,             -1,       Disabled
  06/20/2022 11:54:50.845,     4.80463e+0,     0.00000e+0,     2.97068e+4,     0.00000e+0,     3.90251e+2,     0.00000e+0,     4.95173e+0,     0.00000e+0,     4.02199e+2,     0.00000e+0,     1.40278e+2,     0.00000e+0,     3.61069e+1,     0.00000e+0,     3.79721e+1,     0.00000e+0,     1.13046e+1,     0.00000e+0,     8.31332e+0,     0.00000e+0,     7.07282e-1,     0.00000e+0,    -7.60669e+0,     0.00000e+0,     2.00000e+1,     0.00000e+0,     2.00000e+1,     0.00000e+0,              2,             -1,       Disabled
  06/20/2022 11:54:51.839,     4.76405e+0,     0.00000e+0,     2.96849e+4,     0.00000e+0,     3.90316e+2,     0.00000e+0,     4.90980e+0,     0.00000e+0,     4.02257e+2,     0.00000e+0,     1.40320e+2,     0.00000e+0,     3.61070e+1,     0.00000e+0,     3.79740e+1,     0.00000e+0,     1.13037e+1,     0.00000e+0,     8.31356e+0,     0.00000e+0,     7.07923e-1,     0.00000e+0,    -7.60638e+0,     0.00000e+0,     2.00000e+1,     0.00000e+0,     2.00000e+1,     0.00000e+0,              2,             -1,       Disabled
  06/20/2022 11:54:52.833,     4.72319e+0,     0.00000e+0,     2.96711e+4,     0.00000e+0,     3.90325e+2,     0.00000e+0,     4.86762e+0,     0.00000e+0,     4.02261e+2,     0.00000e+0,     1.40331e+2,     0.00000e+0,     3.61071e+1,     0.00000e+0,     3.79699e+1,     0.00000e+0,     1.13038e+1,     0.00000e+0,     8.31441e+0,     0.00000e+0,     7.07923e-1,     0.00000e+0,    -7.60638e+0,     0.00000e+0,     2.00000e+1,     0.00000e+0,     2.00000e+1,     0.00000e+0,              2,             -1,       Disabled
  06/20/2022 11:54:53.828,     4.68027e+0,     0.00000e+0,     2.96825e+4,     0.00000e+0,     3.90237e+2,     0.00000e+0,     4.82344e+0,     0.00000e+0,     4.02174e+2,     0.00000e+0,     1.40342e+2,     0.00000e+0,     3.61073e+1,     0.00000e+0,     3.79681e+1,     0.00000e+0,     1.13030e+1,     0.00000e+0,     8.31484e+0,     0.00000e+0,     7.08496e-1,     0.00000e+0,    -7.60611e+0,     0.00000e+0,     2.00000e+1,     0.00000e+0,     2.00000e+1,     0.00000e+0,              2,             -1,       Disabled
  06/20/2022 11:54:54.824,     4.63747e+0,     0.00000e+0,     2.97038e+4,     0.00000e+0,     3.90332e+2,     0.00000e+0,     4.77944e+0,     0.00000e+0,     4.02281e+2,     0.00000e+0,     1.40379e+2,     0.00000e+0,     3.61083e+1,     0.00000e+0,     3.79700e+1,     0.00000e+0,     1.13042e+1,     0.00000e+0,     8.31278e+0,     0.00000e+0,     7.08496e-1,     0.00000e+0,    -7.60611e+0,     0.00000e+0,     2.00000e+1,     0.00000e+0,     2.00000e+1,     0.00000e+0,              2,             -1,       Disabled
  06/20/2022 11:54:55.817,     4.58846e+0,     0.00000e+0,     2.97449e+4,     0.00000e+0,     3.90242e+2,     0.00000e+0,     4.72912e+0,     0.00000e+0,     4.02205e+2,     0.00000e+0,     1.40345e+2,     0.00000e+0,     3.61087e+1,     0.00000e+0,     3.79718e+1,     0.00000e+0,     1.13035e+1,     0.00000e+0,     8.31277e+0,     0.00000e+0,     7.08991e-1,     0.00000e+0,    -7.60589e+0,     0.00000e+0,     2.00000e+1,     0.00000e+0,     2.00000e+1,     0.00000e+0,              2,             -1,       Disabled
  06/20/2022 11:54:56.811,     4.52433e+0,     0.00000e+0,     2.97281e+4,     0.00000e+0,     3.90298e+2,     0.00000e+0,     4.66295e+0,     0.00000e+0,     4.02256e+2,     0.00000e+0,     1.40342e+2,     0.00000e+0,     3.61097e+1,     0.00000e+0,     3.79712e+1,     0.00000e+0,     1.13041e+1,     0.00000e+0,     8.31428e+0,     0.00000e+0,     7.08991e-1,     0.00000e+0,    -7.60589e+0,     0.00000e+0,     2.00000e+1,     0.00000e+0,     2.00000e+1,     0.00000e+0,              2,             -1,       Disabled
  06/20/2022 11:54:57.807,     4.45516e+0,     0.00000e+0,     2.97185e+4,     0.00000e+0,     3.90264e+2,     0.00000e+0,     4.59161e+0,     0.00000e+0,     4.02217e+2,     0.00000e+0,     1.40316e+2,     0.00000e+0,     3.61092e+1,     0.00000e+0,     3.79766e+1,     0.00000e+0,     1.13029e+1,     0.00000e+0,     8.31373e+0,     0.00000e+0,     7.09421e-1,     0.00000e+0,    -7.60574e+0,     0.00000e+0,     2.00000e+1,     0.00000e+0,     2.00000e+1,     0.00000e+0,              2,             -1,       Disabled
  06/20/2022 11:54:58.802,     4.38045e+0,     0.00000e+0,     2.96593e+4,     0.00000e+0,     3.90119e+2,     0.00000e+0,     4.51434e+0,     0.00000e+0,     4.02043e+2,     0.00000e+0,     1.40297e+2,     0.00000e+0,     3.61099e+1,     0.00000e+0,     3.79757e+1,     0.00000e+0,     1.13049e+1,     0.00000e+0,     8.31378e+0,     0.00000e+0,     7.09837e-1,     0.00000e+0,    -7.60558e+0,     0.00000e+0,     2.00000e+1,     0.00000e+0,     2.00000e+1,     0.00000e+0,              2,             -1,       Disabled
  06/20/2022 11:54:59.795,     4.31332e+0,     0.00000e+0,     2.95857e+4,     0.00000e+0,     3.90306e+2,     0.00000e+0,     4.44482e+0,     0.00000e+0,     4.02206e+2,     0.00000e+0,     1.40293e+2,     0.00000e+0,     3.61113e+1,     0.00000e+0,     3.79737e+1,     0.00000e+0,     1.13043e+1,     0.00000e+0,     8.31441e+0,     0.00000e+0,     7.09837e-1,     0.00000e+0,    -7.60558e+0,     0.00000e+0,     2.00000e+1,     0.00000e+0,     2.00000e+1,     0.00000e+0,              3,             -1,       Disabled
  06/20/2022 11:55:00.790,     4.25132e+0,     0.00000e+0,     2.95540e+4,     0.00000e+0,     3.90347e+2,     0.00000e+0,     4.38079e+0,     0.00000e+0,     4.02235e+2,     0.00000e+0,     1.40289e+2,     0.00000e+0,     3.61100e+1,     0.00000e+0,     3.79685e+1,     0.00000e+0,     1.13047e+1,     0.00000e+0,     8.31262e+0,     0.00000e+0,     7.10194e-1,     0.00000e+0,    -7.60547e+0,     0.00000e+0,     2.00000e+1,     0.00000e+0,     2.00000e+1,     0.00000e+0,              3,             -1,       Disabled
  06/20/2022 11:55:01.786,     4.18452e+0,     0.00000e+0,     2.95504e+4,     0.00000e+0,     3.90235e+2,     0.00000e+0,     4.31194e+0,     0.00000e+0,     4.02118e+2,     0.00000e+0,     1.40291e+2,     0.00000e+0,     3.61106e+1,     0.00000e+0,     3.79680e+1,     0.00000e+0,     1.13035e+1,     0.00000e+0,     8.31344e+0,     0.00000e+0,     7.10194e-1,     0.00000e+0,    -7.60547e+0,     0.00000e+0,     2.00000e+1,     0.00000e+0,     2.00000e+1,     0.00000e+0,              3,             -1,       Disabled
  06/20/2022 11:55:02.780,     4.11482e+0,     0.00000e+0,     2.94861e+4,     0.00000e+0,     3.90177e+2,     0.00000e+0,     4.23983e+0,     0.00000e+0,     4.02032e+2,     0.00000e+0,     1.40337e+2,     0.00000e+0,     3.61109e+1,     0.00000e+0,     3.79667e+1,     0.00000e+0,     1.13050e+1,     0.00000e+0,     8.31354e+0,     0.00000e+0,     7.10516e-1,     0.00000e+0,    -7.60536e+0,     0.00000e+0,     2.00000e+1,     0.00000e+0,     2.00000e+1,     0.00000e+0,              3,             -1,       Disabled
  06/20/2022 11:55:03.773,     4.05469e+0,     0.00000e+0,     2.94967e+4,     0.00000e+0,     3.90186e+2,     0.00000e+0,     4.17792e+0,     0.00000e+0,     4.02045e+2,     0.00000e+0,     1.40348e+2,     0.00000e+0,     3.61107e+1,     0.00000e+0,     3.79641e+1,     0.00000e+0,     1.13051e+1,     0.00000e+0,     8.31318e+0,     0.00000e+0,     7.10833e-1,     0.00000e+0,    -7.60525e+0,     0.00000e+0,     2.00000e+1,     0.00000e+0,     2.00000e+1,     0.00000e+0,              3,             -1,       Disabled
  06/20/2022 11:55:04.768,     3.99928e+0,     0.00000e+0,     2.95123e+4,     0.00000e+0,     3.90240e+2,     0.00000e+0,     4.12090e+0,     0.00000e+0,     4.02107e+2,     0.00000e+0,     1.40356e+2,     0.00000e+0,     3.61112e+1,     0.00000e+0,     3.79616e+1,     0.00000e+0,     1.13059e+1,     0.00000e+0,     8.31327e+0,     0.00000e+0,     7.10833e-1,     0.00000e+0,    -7.60525e+0,     0.00000e+0,     2.00000e+1,     0.00000e+0,     2.00000e+1,     0.00000e+0,              3,             -1,       Disabled
  06/20/2022 11:55:05.764,     3.95970e+0,     0.00000e+0,     2.94665e+4,     0.00000e+0,     3.90287e+2,     0.00000e+0,     4.07992e+0,     0.00000e+0,     4.02136e+2,     0.00000e+0,     1.40342e+2,     0.00000e+0,     3.61120e+1,     0.00000e+0,     3.79619e+1,     0.00000e+0,     1.13049e+1,     0.00000e+0,     8.31148e+0,     0.00000e+0,     7.11050e-1,     0.00000e+0,    -7.60520e+0,     0.00000e+0,     2.00000e+1,     0.00000e+0,     2.00000e+1,     0.00000e+0,              3,             -1,       Disabled
  06/20/2022 11:55:06.757,     3.92570e+0,     0.00000e+0,     2.94505e+4,     0.00000e+0,     3.90285e+2,     0.00000e+0,     4.04482e+0,     0.00000e+0,     4.02128e+2,     0.00000e+0,     1.40336e+2,     0.00000e+0,     3.61121e+1,     0.00000e+0,     3.79587e+1,     0.00000e+0,     1.13032e+1,     0.00000e+0,     8.31272e+0,     0.00000e+0,     7.11050e-1,     0.00000e+0,    -7.60520e+0,     0.00000e+0,     2.00000e+1,     0.00000e+0,     2.00000e+1,     0.00000e+0,              3,             -1,       Disabled
  06/20/2022 11:55:07.751,     3.88992e+0,     0.00000e+0,     2.94292e+4,     0.00000e+0,     3.90486e+2,     0.00000e+0,     4.00787e+0,     0.00000e+0,     4.02327e+2,     0.00000e+0,     1.40332e+2,     0.00000e+0,     3.61124e+1,     0.00000e+0,     3.79556e+1,     0.00000e+0,     1.13048e+1,     0.00000e+0,     8.31322e+0,     0.00000e+0,     7.11261e-1,     0.00000e+0,    -7.60514e+0,     0.00000e+0,     2.00000e+1,     0.00000e+0,     2.00000e+1,     0.00000e+0,              3,             -1,       Disabled
  06/20/2022 11:55:08.746,     3.86107e+0,     0.00000e+0,     2.94088e+4,     0.00000e+0,     3.90246e+2,     0.00000e+0,     3.97806e+0,     0.00000e+0,     4.02070e+2,     0.00000e+0,     1.40300e+2,     0.00000e+0,     3.61128e+1,     0.00000e+0,     3.79534e+1,     0.00000e+0,     1.13038e+1,     0.00000e+0,     8.31493e+0,     0.00000e+0,     7.11261e-1,     0.00000e+0,    -7.60514e+0,     0.00000e+0,     2.00000e+1,     0.00000e+0,     2.00000e+1,     0.00000e+0,              3,             -1,       Disabled
  06/20/2022 11:55:09.741,     3.82964e+0,     0.00000e+0,     2.93411e+4,     0.00000e+0,     3.90638e+2,     0.00000e+0,     3.94540e+0,     0.00000e+0,     4.02446e+2,     0.00000e+0,     1.40290e+2,     0.00000e+0,     3.61133e+1,     0.00000e+0,     3.79553e+1,     0.00000e+0,     1.13040e+1,     0.00000e+0,     8.31067e+0,     0.00000e+0,     7.11437e-1,     0.00000e+0,    -7.60509e+0,     0.00000e+0,     2.00000e+1,     0.00000e+0,     2.00000e+1,     0.00000e+0,              3,             -1,       Disabled
  06/20/2022 11:55:10.735,     3.79551e+0,     0.00000e+0,     2.93254e+4,     0.00000e+0,     3.90490e+2,     0.00000e+0,     3.91018e+0,     0.00000e+0,     4.02287e+2,     0.00000e+0,     1.40286e+2,     0.00000e+0,     3.61131e+1,     0.00000e+0,     3.79574e+1,     0.00000e+0,     1.13029e+1,     0.00000e+0,     8.31267e+0,     0.00000e+0,     7.11437e-1,     0.00000e+0,    -7.60509e+0,     0.00000e+0,     2.00000e+1,     0.00000e+0,     2.00000e+1,     0.00000e+0,              3,             -1,       Disabled
  06/20/2022 11:55:11.730,     3.75834e+0,     0.00000e+0,     2.92548e+4,     0.00000e+0,     3.90613e+2,     0.00000e+0,     3.87160e+0,     0.00000e+0,     4.02384e+2,     0.00000e+0,     1.40295e+2,     0.00000e+0,     3.61125e+1,     0.00000e+0,     3.79525e+1,     0.00000e+0,     1.13048e+1,     0.00000e+0,     8.31324e+0,     0.00000e+0,     7.11588e-1,     0.00000e+0,    -7.60503e+0,     0.00000e+0,     2.00000e+1,     0.00000e+0,     2.00000e+1,     0.00000e+0,              3,             -1,       Disabled
  06/20/2022 11:55:12.724,     3.72604e+0,     0.00000e+0,     2.92208e+4,     0.00000e+0,     3.90346e+2,     0.00000e+0,     3.83820e+0,     0.00000e+0,     4.02096e+2,     0.00000e+0,     1.40343e+2,     0.00000e+0,     3.61134e+1,     0.00000e+0,     3.79500e+1,     0.00000e+0,     1.13039e+1,     0.00000e+0,     8.31391e+0,     0.00000e+0,     7.11588e-1,     0.00000e+0,    -7.60503e+0,     0.00000e+0,     2.00000e+1,     0.00000e+0,     2.00000e+1,     0.00000e+0,              3,             -1,       Disabled
  06/20/2022 11:55:13.719,     3.69497e+0,     0.00000e+0,     2.91526e+4,     0.00000e+0,     3.90445e+2,     0.00000e+0,     3.80592e+0,     0.00000e+0,     4.02169e+2,     0.00000e+0,     1.40354e+2,     0.00000e+0,     3.61134e+1,     0.00000e+0,     3.79438e+1,     0.00000e+0,     1.13019e+1,     0.00000e+0,     8.31319e+0,     0.00000e+0,     7.11726e-1,     0.00000e+0,    -7.60503e+0,     0.00000e+0,     2.00000e+1,     0.00000e+0,     2.00000e+1,     0.00000e+0,              3,             -1,       Disabled
  06/20/2022 11:55:14.713,     3.65797e+0,     0.00000e+0,     2.91813e+4,     0.00000e+0,     3.90444e+2,     0.00000e+0,     3.76792e+0,     0.00000e+0,     4.02180e+2,     0.00000e+0,     1.40359e+2,     0.00000e+0,     3.61134e+1,     0.00000e+0,     3.79396e+1,     0.00000e+0,     1.13057e+1,     0.00000e+0,     8.31285e+0,     0.00000e+0,     7.11726e-1,     0.00000e+0,    -7.60503e+0,     0.00000e+0,     2.00000e+1,     0.00000e+0,     2.00000e+1,     0.00000e+0,              3,             -1,       Disabled
  06/20/2022 11:55:15.708,     3.62047e+0,     0.00000e+0,     2.91321e+4,     0.00000e+0,     3.90706e+2,     0.00000e+0,     3.72911e+0,     0.00000e+0,     4.02429e+2,     0.00000e+0,     1.40377e+2,     0.00000e+0,     3.61139e+1,     0.00000e+0,     3.79410e+1,     0.00000e+0,     1.13037e+1,     0.00000e+0,     8.31305e+0,     0.00000e+0,     7.11864e-1,     0.00000e+0,    -7.60503e+0,     0.00000e+0,     2.00000e+1,     0.00000e+0,     2.00000e+1,     0.00000e+0,              3,             -1,       Disabled
  06/20/2022 11:55:16.703,     3.58524e+0,     0.00000e+0,     2.91211e+4,     0.00000e+0,     3.90644e+2,     0.00000e+0,     3.69278e+0,     0.00000e+0,     4.02362e+2,     0.00000e+0,     1.40333e+2,     0.00000e+0,     3.61148e+1,     0.00000e+0,     3.79425e+1,     0.00000e+0,     1.13050e+1,     0.00000e+0,     8.31269e+0,     0.00000e+0,     7.11864e-1,     0.00000e+0,    -7.60503e+0,     0.00000e+0,     2.00000e+1,     0.00000e+0,     2.00000e+1,     0.00000e+0,              3,             -1,       Disabled
  06/20/2022 11:55:17.696,     3.55855e+0,     0.00000e+0,     2.90643e+4,     0.00000e+0,     3.90479e+2,     0.00000e+0,     3.66508e+0,     0.00000e+0,     4.02168e+2,     0.00000e+0,     1.40330e+2,     0.00000e+0,     3.61149e+1,     0.00000e+0,     3.79414e+1,     0.00000e+0,     1.13032e+1,     0.00000e+0,     8.31334e+0,     0.00000e+0,     7.11972e-1,     0.00000e+0,    -7.60503e+0,     0.00000e+0,     2.00000e+1,     0.00000e+0,     2.00000e+1,     0.00000e+0,              3,             -1,       Disabled
  06/20/2022 11:55:18.691,     3.52712e+0,     0.00000e+0,     2.90443e+4,     0.00000e+0,     3.90535e+2,     0.00000e+0,     3.63263e+0,     0.00000e+0,     4.02218e+2,     0.00000e+0,     1.40323e+2,     0.00000e+0,     3.61155e+1,     0.00000e+0,     3.79397e+1,     0.00000e+0,     1.13039e+1,     0.00000e+0,     8.31261e+0,     0.00000e+0,     7.11972e-1,     0.00000e+0,    -7.60503e+0,     0.00000e+0,     2.00000e+1,     0.00000e+0,     2.00000e+1,     0.00000e+0,              3,             -1,       Disabled
  06/20/2022 11:55:19.687,     3.49647e+0,     0.00000e+0,     2.90326e+4,     0.00000e+0,     3.90485e+2,     0.00000e+0,     3.60102e+0,     0.00000e+0,     4.02160e+2,     0.00000e+0,     1.40287e+2,     0.00000e+0,     3.61152e+1,     0.00000e+0,     3.79386e+1,     0.00000e+0,     1.13050e+1,     0.00000e+0,     8.31232e+0,     0.00000e+0,     7.12076e-1,     0.00000e+0,    -7.60503e+0,     0.00000e+0,     2.00000e+1,     0.00000e+0,     2.00000e+1,     0.00000e+0,              3,             -1,       Disabled
  06/20/2022 11:55:20.680,     3.46617e+0,     0.00000e+0,     2.89455e+4,     0.00000e+0,     3.90628e+2,     0.00000e+0,     3.56949e+0,     0.00000e+0,     4.02272e+2,     0.00000e+0,     1.40285e+2,     0.00000e+0,     3.61147e+1,     0.00000e+0,     3.79389e+1,     0.00000e+0,     1.13035e+1,     0.00000e+0,     8.31069e+0,     0.00000e+0,     7.12076e-1,     0.00000e+0,    -7.60503e+0,     0.00000e+0,     2.00000e+1,     0.00000e+0,     2.00000e+1,     0.00000e+0,              3,             -1,       Disabled
  06/20/2022 11:55:21.676,     3.43290e+0,     0.00000e+0,     2.89816e+4,     0.00000e+0,     3.90403e+2,     0.00000e+0,     3.53536e+0,     0.00000e+0,     4.02055e+2,     0.00000e+0,     1.40285e+2,     0.00000e+0,     3.61151e+1,     0.00000e+0,     3.79384e+1,     0.00000e+0,     1.13025e+1,     0.00000e+0,     8.31363e+0,     0.00000e+0,     7.12150e-1,     0.00000e+0,    -7.60503e+0,     0.00000e+0,     2.00000e+1,     0.00000e+0,     2.00000e+1,     0.00000e+0,              3,             -1,       Disabled
  06/20/2022 11:55:22.669,     3.39690e+0,     0.00000e+0,     2.89123e+4,     0.00000e+0,     3.90328e+2,     0.00000e+0,     3.49804e+0,     0.00000e+0,     4.01950e+2,     0.00000e+0,     1.40319e+2,     0.00000e+0,     3.61152e+1,     0.00000e+0,     3.79367e+1,     0.00000e+0,     1.13058e+1,     0.00000e+0,     8.31470e+0,     0.00000e+0,     7.12150e-1,     0.00000e+0,    -7.60503e+0,     0.00000e+0,     2.00000e+1,     0.00000e+0,     2.00000e+1,     0.00000e+0,              3,             -1,       Disabled
  06/20/2022 11:55:23.664,     3.36577e+0,     0.00000e+0,     2.89085e+4,     0.00000e+0,     3.90422e+2,     0.00000e+0,     3.46597e+0,     0.00000e+0,     4.02045e+2,     0.00000e+0,     1.40362e+2,     0.00000e+0,     3.61150e+1,     0.00000e+0,     3.79310e+1,     0.00000e+0,     1.13049e+1,     0.00000e+0,     8.31216e+0,     0.00000e+0,     7.12222e-1,     0.00000e+0,    -7.60503e+0,     0.00000e+0,     2.00000e+1,     0.00000e+0,     2.00000e+1,     0.00000e+0,              3,             -1,       Disabled
  06/20/2022 11:55:24.659,     3.34186e+0,     0.00000e+0,     2.89107e+4,     0.00000e+0,     3.90430e+2,     0.00000e+0,     3.44136e+0,     0.00000e+0,     4.02054e+2,     0.00000e+0,     1.40365e+2,     0.00000e+0,     3.61153e+1,     0.00000e+0,     3.79266e+1,     0.00000e+0,     1.13067e+1,     0.00000e+0,     8.31276e+0,     0.00000e+0,     7.12222e-1,     0.00000e+0,    -7.60503e+0,     0.00000e+0,     2.00000e+1,     0.00000e+0,     2.00000e+1,     0.00000e+0,              3,             -1,       Disabled
  06/20/2022 11:55:25.653,     3.32306e+0,     0.00000e+0,     2.88505e+4,     0.00000e+0,     3.90452e+2,     0.00000e+0,     3.42178e+0,     0.00000e+0,     4.02051e+2,     0.00000e+0,     1.40364e+2,     0.00000e+0,     3.61153e+1,     0.00000e+0,     3.79207e+1,     0.00000e+0,     1.13035e+1,     0.00000e+0,     8.31297e+0,     0.00000e+0,     7.12288e-1,     0.00000e+0,    -7.60503e+0,     0.00000e+0,     2.00000e+1,     0.00000e+0,     2.00000e+1,     0.00000e+0,              3,             -1,       Disabled
  06/20/2022 11:55:26.648,     3.30163e+0,     0.00000e+0,     2.88687e+4,     0.00000e+0,     3.90463e+2,     0.00000e+0,     3.39977e+0,     0.00000e+0,     4.02070e+2,     0.00000e+0,     1.40366e+2,     0.00000e+0,     3.61158e+1,     0.00000e+0,     3.79242e+1,     0.00000e+0,     1.13048e+1,     0.00000e+0,     8.31459e+0,     0.00000e+0,     7.12288e-1,     0.00000e+0,    -7.60503e+0,     0.00000e+0,     2.00000e+1,     0.00000e+0,     2.00000e+1,     0.00000e+0,              3,             -1,       Disabled
  06/20/2022 11:55:27.642,     3.28616e+0,     0.00000e+0,     2.88184e+4,     0.00000e+0,     3.90421e+2,     0.00000e+0,     3.38367e+0,     0.00000e+0,     4.02006e+2,     0.00000e+0,     1.40322e+2,     0.00000e+0,     3.61162e+1,     0.00000e+0,     3.79239e+1,     0.00000e+0,     1.13049e+1,     0.00000e+0,     8.31287e+0,     0.00000e+0,     7.12357e-1,     0.00000e+0,    -7.60503e+0,     0.00000e+0,     2.00000e+1,     0.00000e+0,     2.00000e+1,     0.00000e+0,              3,             -1,       Disabled
  06/20/2022 11:55:28.636,     3.27261e+0,     0.00000e+0,     2.88249e+4,     0.00000e+0,     3.90498e+2,     0.00000e+0,     3.36974e+0,     0.00000e+0,     4.02088e+2,     0.00000e+0,     1.40317e+2,     0.00000e+0,     3.61165e+1,     0.00000e+0,     3.79264e+1,     0.00000e+0,     1.13041e+1,     0.00000e+0,     8.31535e+0,     0.00000e+0,     7.12357e-1,     0.00000e+0,    -7.60503e+0,     0.00000e+0,     2.00000e+1,     0.00000e+0,     2.00000e+1,     0.00000e+0,              3,             -1,       Disabled
  06/20/2022 11:55:29.631,     3.26068e+0,     0.00000e+0,     2.88310e+4,     0.00000e+0,     3.90524e+2,     0.00000e+0,     3.35748e+0,     0.00000e+0,     4.02118e+2,     0.00000e+0,     1.40274e+2,     0.00000e+0,     3.61169e+1,     0.00000e+0,     3.79276e+1,     0.00000e+0,     1.13050e+1,     0.00000e+0,     8.31487e+0,     0.00000e+0,     7.12357e-1,     0.00000e+0,    -7.60503e+0,     0.00000e+0,     2.00000e+1,     0.00000e+0,     2.00000e+1,     0.00000e+0,              3,             -1,       Disabled
  06/20/2022 11:55:30.625,     3.24683e+0,     0.00000e+0,     2.88679e+4,     0.00000e+0,     3.90419e+2,     0.00000e+0,     3.34334e+0,     0.00000e+0,     4.02025e+2,     0.00000e+0,     1.40284e+2,     0.00000e+0,     3.61164e+1,     0.00000e+0,     3.79259e+1,     0.00000e+0,     1.13048e+1,     0.00000e+0,     8.31472e+0,     0.00000e+0,     7.12357e-1,     0.00000e+0,    -7.60503e+0,     0.00000e+0,     2.00000e+1,     0.00000e+0,     2.00000e+1,     0.00000e+0,              3,             -1,       Disabled
  06/20/2022 11:55:31.620,     3.22533e+0,     0.00000e+0,     2.88422e+4,     0.00000e+0,     3.90361e+2,     0.00000e+0,     3.32112e+0,     0.00000e+0,     4.01954e+2,     0.00000e+0,     1.40287e+2,     0.00000e+0,     3.61168e+1,     0.00000e+0,     3.79222e+1,     0.00000e+0,     1.13036e+1,     0.00000e+0,     8.31316e+0,     0.00000e+0,     7.12357e-1,     0.00000e+0,    -7.60503e+0,     0.00000e+0,     2.00000e+1,     0.00000e+0,     2.00000e+1,     0.00000e+0,              3,             -1,       Disabled
  06/20/2022 11:55:32.615,     3.19608e+0,     0.00000e+0,     2.88162e+4,     0.00000e+0,     3.90369e+2,     0.00000e+0,     3.29091e+0,     0.00000e+0,     4.01952e+2,     0.00000e+0,     1.40292e+2,     0.00000e+0,     3.61164e+1,     0.00000e+0,     3.79202e+1,     0.00000e+0,     1.13042e+1,     0.00000e+0,     8.31370e+0,     0.00000e+0,     7.12357e-1,     0.00000e+0,    -7.60503e+0,     0.00000e+0,     2.00000e+1,     0.00000e+0,     2.00000e+1,     0.00000e+0,              3,             -1,       Disabled
  06/20/2022 11:55:33.610,     3.16880e+0,     0.00000e+0,     2.88338e+4,     0.00000e+0,     3.90354e+2,     0.00000e+0,     3.26288e+0,     0.00000e+0,     4.01943e+2,     0.00000e+0,     1.40342e+2,     0.00000e+0,     3.61163e+1,     0.00000e+0,     3.79180e+1,     0.00000e+0,     1.13013e+1,     0.00000e+0,     8.31148e+0,     0.00000e+0,     7.12357e-1,     0.00000e+0,    -7.60503e+0,     0.00000e+0,     2.00000e+1,     0.00000e+0,     2.00000e+1,     0.00000e+0,              3,             -1,       Disabled
  06/20/2022 11:55:34.605,     3.14620e+0,     0.00000e+0,     2.88444e+4,     0.00000e+0,     3.90471e+2,     0.00000e+0,     3.23965e+0,     0.00000e+0,     4.02068e+2,     0.00000e+0,     1.40365e+2,     0.00000e+0,     3.61159e+1,     0.00000e+0,     3.79132e+1,     0.00000e+0,     1.13037e+1,     0.00000e+0,     8.31342e+0,     0.00000e+0,     7.12357e-1,     0.00000e+0,    -7.60503e+0,     0.00000e+0,     2.00000e+1,     0.00000e+0,     2.00000e+1,     0.00000e+0,              3,             -1,       Disabled
  06/20/2022 11:55:35.598,     3.12927e+0,     0.00000e+0,     2.88059e+4,     0.00000e+0,     3.90422e+2,     0.00000e+0,     3.22208e+0,     0.00000e+0,     4.02002e+2,     0.00000e+0,     1.40362e+2,     0.00000e+0,     3.61165e+1,     0.00000e+0,     3.79147e+1,     0.00000e+0,     1.13033e+1,     0.00000e+0,     8.31251e+0,     0.00000e+0,     7.12357e-1,     0.00000e+0,    -7.60503e+0,     0.00000e+0,     2.00000e+1,     0.00000e+0,     2.00000e+1,     0.00000e+0,              3,             -1,       Disabled
  06/20/2022 11:55:36.594,     3.11174e+0,     0.00000e+0,     2.87914e+4,     0.00000e+0,     3.90447e+2,     0.00000e+0,     3.20399e+0,     0.00000e+0,     4.02022e+2,     0.00000e+0,     1.40356e+2,     0.00000e+0,     3.61168e+1,     0.00000e+0,     3.79147e+1,     0.00000e+0,     1.13049e+1,     0.00000e+0,     8.31184e+0,     0.00000e+0,     7.12357e-1,     0.00000e+0,    -7.60503e+0,     0.00000e+0,     2.00000e+1,     0.00000e+0,     2.00000e+1,     0.00000e+0,              3,             -1,       Disabled
  06/20/2022 11:55:37.588,     3.09398e+0,     0.00000e+0,     2.88220e+4,     0.00000e+0,     3.90288e+2,     0.00000e+0,     3.18580e+0,     0.00000e+0,     4.01871e+2,     0.00000e+0,     1.40316e+2,     0.00000e+0,     3.61169e+1,     0.00000e+0,     3.79150e+1,     0.00000e+0,     1.13044e+1,     0.00000e+0,     8.31344e+0,     0.00000e+0,     7.12357e-1,     0.00000e+0,    -7.60503e+0,     0.00000e+0,     2.00000e+1,     0.00000e+0,     2.00000e+1,     0.00000e+0,              3,             -1,       Disabled
  06/20/2022 11:55:38.581,     3.07125e+0,     0.00000e+0,     2.88247e+4,     0.00000e+0,     3.90473e+2,     0.00000e+0,     3.16240e+0,     0.00000e+0,     4.02062e+2,     0.00000e+0,     1.40310e+2,     0.00000e+0,     3.61169e+1,     0.00000e+0,     3.79115e+1,     0.00000e+0,     1.13020e+1,     0.00000e+0,     8.31330e+0,     0.00000e+0,     7.12357e-1,     0.00000e+0,    -7.60503e+0,     0.00000e+0,     2.00000e+1,     0.00000e+0,     2.00000e+1,     0.00000e+0,              3,             -1,       Disabled
  06/20/2022 11:55:39.576,     3.04916e+0,     0.00000e+0,     2.88330e+4,     0.00000e+0,     3.90398e+2,     0.00000e+0,     3.13969e+0,     0.00000e+0,     4.01989e+2,     0.00000e+0,     1.40306e+2,     0.00000e+0,     3.61174e+1,     0.00000e+0,     3.79119e+1,     0.00000e+0,     1.13013e+1,     0.00000e+0,     8.31279e+0,     0.00000e+0,     7.12357e-1,     0.00000e+0,    -7.60503e+0,     0.00000e+0,     2.00000e+1,     0.00000e+0,     2.00000e+1,     0.00000e+0,              3,             -1,       Disabled
  06/20/2022 11:55:40.571,     3.02947e+0,     0.00000e+0,     2.88001e+4,     0.00000e+0,     3.90545e+2,     0.00000e+0,     3.11931e+0,     0.00000e+0,     4.02126e+2,     0.00000e+0,     1.40267e+2,     0.00000e+0,     3.61175e+1,     0.00000e+0,     3.79127e+1,     0.00000e+0,     1.13033e+1,     0.00000e+0,     8.31187e+0,     0.00000e+0,     7.12357e-1,     0.00000e+0,    -7.60503e+0,     0.00000e+0,     2.00000e+1,     0.00000e+0,     2.00000e+1,     0.00000e+0,              3,             -1,       Disabled
  06/20/2022 11:55:41.565,     3.01161e+0,     0.00000e+0,     2.87589e+4,     0.00000e+0,     3.90356e+2,     0.00000e+0,     3.10078e+0,     0.00000e+0,     4.01915e+2,     0.00000e+0,     1.40292e+2,     0.00000e+0,     3.61177e+1,     0.00000e+0,     3.79058e+1,     0.00000e+0,     1.13030e+1,     0.00000e+0,     8.31247e+0,     0.00000e+0,     7.12357e-1,     0.00000e+0,    -7.60503e+0,     0.00000e+0,     2.00000e+1,     0.00000e+0,     2.00000e+1,     0.00000e+0,              3,             -1,       Disabled
  06/20/2022 11:55:42.559,     2.99877e+0,     0.00000e+0,     2.87408e+4,     0.00000e+0,     3.90409e+2,     0.00000e+0,     3.08751e+0,     0.00000e+0,     4.01962e+2,     0.00000e+0,     1.40300e+2,     0.00000e+0,     3.61176e+1,     0.00000e+0,     3.79065e+1,     0.00000e+0,     1.13014e+1,     0.00000e+0,     8.31306e+0,     0.00000e+0,     7.12357e-1,     0.00000e+0,    -7.60503e+0,     0.00000e+0,     2.00000e+1,     0.00000e+0,     2.00000e+1,     0.00000e+0,              3,             -1,       Disabled
  06/20/2022 11:55:43.556,     2.99016e+0,     0.00000e+0,     2.87561e+4,     0.00000e+0,     3.90415e+2,     0.00000e+0,     3.07869e+0,     0.00000e+0,     4.01974e+2,     0.00000e+0,     1.40366e+2,     0.00000e+0,     3.61166e+1,     0.00000e+0,     3.79025e+1,     0.00000e+0,     1.13037e+1,     0.00000e+0,     8.31260e+0,     0.00000e+0,     7.12357e-1,     0.00000e+0,    -7.60503e+0,     0.00000e+0,     2.00000e+1,     0.00000e+0,     2.00000e+1,     0.00000e+0,              3,             -1,       Disabled
  06/20/2022 11:55:44.550,     2.98506e+0,     0.00000e+0,     2.87511e+4,     0.00000e+0,     3.90361e+2,     0.00000e+0,     3.07343e+0,     0.00000e+0,     4.01916e+2,     0.00000e+0,     1.40366e+2,     0.00000e+0,     3.61175e+1,     0.00000e+0,     3.79047e+1,     0.00000e+0,     1.13037e+1,     0.00000e+0,     8.31291e+0,     0.00000e+0,     7.12357e-1,     0.00000e+0,    -7.60503e+0,     0.00000e+0,     2.00000e+1,     0.00000e+0,     2.00000e+1,     0.00000e+0,              3,             -1,       Disabled
  06/20/2022 11:55:45.543,     2.97856e+0,     0.00000e+0,     2.87420e+4,     0.00000e+0,     3.90423e+2,     0.00000e+0,     3.06671e+0,     0.00000e+0,     4.01977e+2,     0.00000e+0,     1.40359e+2,     0.00000e+0,     3.61172e+1,     0.00000e+0,     3.79014e+1,     0.00000e+0,     1.13056e+1,     0.00000e+0,     8.31205e+0,     0.00000e+0,     7.12357e-1,     0.00000e+0,    -7.60503e+0,     0.00000e+0,     2.00000e+1,     0.00000e+0,     2.00000e+1,     0.00000e+0,              3,             -1,       Disabled
  06/20/2022 11:55:46.538,     2.97388e+0,     0.00000e+0,     2.87960e+4,     0.00000e+0,     3.90417e+2,     0.00000e+0,     3.06205e+0,     0.00000e+0,     4.01993e+2,     0.00000e+0,     1.40319e+2,     0.00000e+0,     3.61175e+1,     0.00000e+0,     3.79015e+1,     0.00000e+0,     1.13012e+1,     0.00000e+0,     8.31401e+0,     0.00000e+0,     7.12357e-1,     0.00000e+0,    -7.60503e+0,     0.00000e+0,     2.00000e+1,     0.00000e+0,     2.00000e+1,     0.00000e+0,              3,             -1,       Disabled
  06/20/2022 11:55:47.533,     2.96687e+0,     0.00000e+0,     2.88169e+4,     0.00000e+0,     3.90337e+2,     0.00000e+0,     3.05490e+0,     0.00000e+0,     4.01919e+2,     0.00000e+0,     1.40337e+2,     0.00000e+0,     3.61175e+1,     0.00000e+0,     3.79025e+1,     0.00000e+0,     1.13028e+1,     0.00000e+0,     8.31372e+0,     0.00000e+0,     7.12357e-1,     0.00000e+0,    -7.60503e+0,     0.00000e+0,     2.00000e+1,     0.00000e+0,     2.00000e+1,     0.00000e+0,              3,             -1,       Disabled
  06/20/2022 11:55:48.528,     2.95359e+0,     0.00000e+0,     2.88344e+4,     0.00000e+0,     3.90572e+2,     0.00000e+0,     3.04129e+0,     0.00000e+0,     4.02169e+2,     0.00000e+0,     1.40304e+2,     0.00000e+0,     3.61177e+1,     0.00000e+0,     3.79042e+1,     0.00000e+0,     1.13035e+1,     0.00000e+0,     8.31020e+0,     0.00000e+0,     7.12357e-1,     0.00000e+0,    -7.60503e+0,     0.00000e+0,     2.00000e+1,     0.00000e+0,     2.00000e+1,     0.00000e+0,              3,             -1,       Disabled
  06/20/2022 11:55:49.521,     2.93770e+0,     0.00000e+0,     2.87952e+4,     0.00000e+0,     3.90468e+2,     0.00000e+0,     3.02480e+0,     0.00000e+0,     4.02045e+2,     0.00000e+0,     1.40298e+2,     0.00000e+0,     3.61176e+1,     0.00000e+0,     3.79061e+1,     0.00000e+0,     1.13023e+1,     0.00000e+0,     8.31339e+0,     0.00000e+0,     7.12357e-1,     0.00000e+0,    -7.60503e+0,     0.00000e+0,     2.00000e+1,     0.00000e+0,     2.00000e+1,     0.00000e+0,              3,             -1,       Disabled
  06/20/2022 11:55:50.516,     2.92044e+0,     0.00000e+0,     2.88286e+4,     0.00000e+0,     3.90516e+2,     0.00000e+0,     3.00713e+0,     0.00000e+0,     4.02108e+2,     0.00000e+0,     1.40295e+2,     0.00000e+0,     3.61179e+1,     0.00000e+0,     3.79055e+1,     0.00000e+0,     1.13003e+1,     0.00000e+0,     8.31363e+0,     0.00000e+0,     7.12357e-1,     0.00000e+0,    -7.60503e+0,     0.00000e+0,     2.00000e+1,     0.00000e+0,     2.00000e+1,     0.00000e+0,              3,             -1,       Disabled
  06/20/2022 11:55:51.510,     2.90063e+0,     0.00000e+0,     2.87504e+4,     0.00000e+0,     3.90512e+2,     0.00000e+0,     2.98649e+0,     0.00000e+0,     4.02072e+2,     0.00000e+0,     1.40299e+2,     0.00000e+0,     3.61177e+1,     0.00000e+0,     3.79053e+1,     0.00000e+0,     1.13035e+1,     0.00000e+0,     8.31310e+0,     0.00000e+0,     7.12357e-1,     0.00000e+0,    -7.60503e+0,     0.00000e+0,     2.00000e+1,     0.00000e+0,     2.00000e+1,     0.00000e+0,              3,             -1,       Disabled
  06/20/2022 11:55:52.505,     2.87987e+0,     0.00000e+0,     2.87514e+4,     0.00000e+0,     3.90541e+2,     0.00000e+0,     2.96512e+0,     0.00000e+0,     4.02102e+2,     0.00000e+0,     1.40310e+2,     0.00000e+0,     3.61175e+1,     0.00000e+0,     3.79044e+1,     0.00000e+0,     1.13039e+1,     0.00000e+0,     8.31377e+0,     0.00000e+0,     7.12357e-1,     0.00000e+0,    -7.60503e+0,     0.00000e+0,     2.00000e+1,     0.00000e+0,     2.00000e+1,     0.00000e+0,              3,             -1,       Disabled
  06/20/2022 11:55:53.499,     2.86410e+0,     0.00000e+0,     2.86913e+4,     0.00000e+0,     3.90501e+2,     0.00000e+0,     2.94870e+0,     0.00000e+0,     4.02036e+2,     0.00000e+0,     1.40321e+2,     0.00000e+0,     3.61173e+1,     0.00000e+0,     3.79040e+1,     0.00000e+0,     1.13023e+1,     0.00000e+0,     8.31340e+0,     0.00000e+0,     7.12357e-1,     0.00000e+0,    -7.60503e+0,     0.00000e+0,     2.00000e+1,     0.00000e+0,     2.00000e+1,     0.00000e+0,              3,             -1,       Disabled
  06/20/2022 11:55:54.494,     2.85582e+0,     0.00000e+0,     2.86807e+4,     0.00000e+0,     3.90461e+2,     0.00000e+0,     2.94015e+0,     0.00000e+0,     4.01990e+2,     0.00000e+0,     1.40333e+2,     0.00000e+0,     3.61167e+1,     0.00000e+0,     3.79010e+1,     0.00000e+0,     1.13026e+1,     0.00000e+0,     8.31333e+0,     0.00000e+0,     7.12357e-1,     0.00000e+0,    -7.60503e+0,     0.00000e+0,     2.00000e+1,     0.00000e+0,     2.00000e+1,     0.00000e+0,              3,             -1,       Disabled
  06/20/2022 11:55:55.489,     2.85332e+0,     0.00000e+0,     2.86839e+4,     0.00000e+0,     3.90691e+2,     0.00000e+0,     2.93758e+0,     0.00000e+0,     4.02228e+2,     0.00000e+0,     1.40352e+2,     0.00000e+0,     3.61175e+1,     0.00000e+0,     3.79060e+1,     0.00000e+0,     1.13019e+1,     0.00000e+0,     8.31168e+0,     0.00000e+0,     7.12357e-1,     0.00000e+0,    -7.60503e+0,     0.00000e+0,     2.00000e+1,     0.00000e+0,     2.00000e+1,     0.00000e+0,              3,             -1,       Disabled
  06/20/2022 11:55:56.483,     2.85200e+0,     0.00000e+0,     2.86643e+4,     0.00000e+0,     3.90408e+2,     0.00000e+0,     2.93616e+0,     0.00000e+0,     4.01929e+2,     0.00000e+0,     1.40348e+2,     0.00000e+0,     3.61179e+1,     0.00000e+0,     3.79043e+1,     0.00000e+0,     1.13018e+1,     0.00000e+0,     8.31480e+0,     0.00000e+0,     7.12357e-1,     0.00000e+0,    -7.60503e+0,     0.00000e+0,     2.00000e+1,     0.00000e+0,     2.00000e+1,     0.00000e+0,              3,             -1,       Disabled
  06/20/2022 11:55:57.478,     2.85105e+0,     0.00000e+0,     2.86534e+4,     0.00000e+0,     3.90751e+2,     0.00000e+0,     2.93516e+0,     0.00000e+0,     4.02277e+2,     0.00000e+0,     1.40303e+2,     0.00000e+0,     3.61178e+1,     0.00000e+0,     3.79009e+1,     0.00000e+0,     1.13015e+1,     0.00000e+0,     8.31170e+0,     0.00000e+0,     7.12357e-1,     0.00000e+0,    -7.60503e+0,     0.00000e+0,     2.00000e+1,     0.00000e+0,     2.00000e+1,     0.00000e+0,              3,             -1,       Disabled
  06/20/2022 11:55:58.473,     2.84427e+0,     0.00000e+0,     2.86819e+4,     0.00000e+0,     3.90659e+2,     0.00000e+0,     2.92826e+0,     0.00000e+0,     4.02194e+2,     0.00000e+0,     1.40299e+2,     0.00000e+0,     3.61180e+1,     0.00000e+0,     3.78993e+1,     0.00000e+0,     1.13024e+1,     0.00000e+0,     8.31332e+0,     0.00000e+0,     7.12357e-1,     0.00000e+0,    -7.60503e+0,     0.00000e+0,     2.00000e+1,     0.00000e+0,     2.00000e+1,     0.00000e+0,              3,             -1,       Disabled
  06/20/2022 11:55:59.467,     2.83660e+0,     0.00000e+0,     2.86750e+4,     0.00000e+0,     3.90606e+2,     0.00000e+0,     2.92034e+0,     0.00000e+0,     4.02137e+2,     0.00000e+0,     1.40295e+2,     0.00000e+0,     3.61171e+1,     0.00000e+0,     3.78948e+1,     0.00000e+0,     1.13028e+1,     0.00000e+0,     8.31285e+0,     0.00000e+0,     7.12357e-1,     0.00000e+0,    -7.60503e+0,     0.00000e+0,     2.00000e+1,     0.00000e+0,     2.00000e+1,     0.00000e+0,              3,             -1,       Disabled
  06/20/2022 11:56:00.461,     2.82547e+0,     0.00000e+0,     2.86402e+4,     0.00000e+0,     3.90671e+2,     0.00000e+0,     2.90878e+0,     0.00000e+0,     4.02190e+2,     0.00000e+0,     1.40271e+2,     0.00000e+0,     3.61174e+1,     0.00000e+0,     3.78971e+1,     0.00000e+0,     1.13019e+1,     0.00000e+0,     8.31327e+0,     0.00000e+0,     7.12357e-1,     0.00000e+0,    -7.60503e+0,     0.00000e+0,     2.00000e+1,     0.00000e+0,     2.00000e+1,     0.00000e+0,              3,             -1,       Disabled
  06/20/2022 11:56:01.457,     2.81432e+0,     0.00000e+0,     2.86657e+4,     0.00000e+0,     3.90600e+2,     0.00000e+0,     2.89737e+0,     0.00000e+0,     4.02128e+2,     0.00000e+0,     1.40308e+2,     0.00000e+0,     3.61173e+1,     0.00000e+0,     3.78952e+1,     0.00000e+0,     1.13008e+1,     0.00000e+0,     8.31292e+0,     0.00000e+0,     7.12357e-1,     0.00000e+0,    -7.60503e+0,     0.00000e+0,     2.00000e+1,     0.00000e+0,     2.00000e+1,     0.00000e+0,              3,             -1,       Disabled
  06/20/2022 11:56:02.451,     2.80452e+0,     0.00000e+0,     2.86324e+4,     0.00000e+0,     3.90688e+2,     0.00000e+0,     2.88719e+0,     0.00000e+0,     4.02204e+2,     0.00000e+0,     1.40328e+2,     0.00000e+0,     3.61173e+1,     0.00000e+0,     3.78953e+1,     0.00000e+0,     1.13017e+1,     0.00000e+0,     8.31312e+0,     0.00000e+0,     7.12357e-1,     0.00000e+0,    -7.60503e+0,     0.00000e+0,     2.00000e+1,     0.00000e+0,     2.00000e+1,     0.00000e+0,              3,             -1,       Disabled
  06/20/2022 11:56:03.445,     2.79542e+0,     0.00000e+0,     2.86721e+4,     0.00000e+0,     3.90786e+2,     0.00000e+0,     2.87793e+0,     0.00000e+0,     4.02321e+2,     0.00000e+0,     1.40331e+2,     0.00000e+0,     3.61167e+1,     0.00000e+0,     3.78950e+1,     0.00000e+0,     1.13020e+1,     0.00000e+0,     8.31232e+0,     0.00000e+0,     7.12357e-1,     0.00000e+0,    -7.60503e+0,     0.00000e+0,     2.00000e+1,     0.00000e+0,     2.00000e+1,     0.00000e+0,              3,             -1,       Disabled
  06/20/2022 11:56:04.439,     2.78849e+0,     0.00000e+0,     2.86227e+4,     0.00000e+0,     3.90682e+2,     0.00000e+0,     2.87065e+0,     0.00000e+0,     4.02194e+2,     0.00000e+0,     1.40326e+2,     0.00000e+0,     3.61159e+1,     0.00000e+0,     3.78894e+1,     0.00000e+0,     1.13022e+1,     0.00000e+0,     8.31068e+0,     0.00000e+0,     7.12357e-1,     0.00000e+0,    -7.60503e+0,     0.00000e+0,     2.00000e+1,     0.00000e+0,     2.00000e+1,     0.00000e+0,              3,             -1,       Disabled
  06/20/2022 11:56:05.435,     2.77873e+0,     0.00000e+0,     2.86428e+4,     0.00000e+0,     3.90546e+2,     0.00000e+0,     2.86067e+0,     0.00000e+0,     4.02062e+2,     0.00000e+0,     1.40369e+2,     0.00000e+0,     3.61153e+1,     0.00000e+0,     3.78846e+1,     0.00000e+0,     1.13029e+1,     0.00000e+0,     8.31415e+0,     0.00000e+0,     7.12420e-1,     0.00000e+0,    -7.60497e+0,     0.00000e+0,     2.00000e+1,     0.00000e+0,     2.00000e+1,     0.00000e+0,              3,             -1,       Disabled
  06/20/2022 11:56:06.428,     2.77213e+0,     0.00000e+0,     2.86813e+4,     0.00000e+0,     3.90623e+2,     0.00000e+0,     2.85399e+0,     0.00000e+0,     4.02158e+2,     0.00000e+0,     1.40339e+2,     0.00000e+0,     3.61157e+1,     0.00000e+0,     3.78879e+1,     0.00000e+0,     1.13036e+1,     0.00000e+0,     8.31227e+0,     0.00000e+0,     7.12420e-1,     0.00000e+0,    -7.60497e+0,     0.00000e+0,     2.00000e+1,     0.00000e+0,     2.00000e+1,     0.00000e+0,              3,             -1,       Disabled
  06/20/2022 11:56:07.423,     2.76819e+0,     0.00000e+0,     2.87011e+4,     0.00000e+0,     3.90655e+2,     0.00000e+0,     2.84998e+0,     0.00000e+0,     4.02198e+2,     0.00000e+0,     1.40312e+2,     0.00000e+0,     3.61164e+1,     0.00000e+0,     3.78872e+1,     0.00000e+0,     1.13021e+1,     0.00000e+0,     8.31292e+0,     0.00000e+0,     7.12495e-1,     0.00000e+0,    -7.60491e+0,     0.00000e+0,     2.00000e+1,     0.00000e+0,     2.00000e+1,     0.00000e+0,              3,             -1,       Disabled
  06/20/2022 11:56:08.417,     2.76123e+0,     0.00000e+0,     2.87331e+4,     0.00000e+0,     3.90515e+2,     0.00000e+0,     2.84291e+0,     0.00000e+0,     4.02067e+2,     0.00000e+0,     1.40316e+2,     0.00000e+0,     3.61152e+1,     0.00000e+0,     3.78833e+1,     0.00000e+0,     1.13037e+1,     0.00000e+0,     8.31526e+0,     0.00000e+0,     7.12495e-1,     0.00000e+0,    -7.60491e+0,     0.00000e+0,     2.00000e+1,     0.00000e+0,     2.00000e+1,     0.00000e+0,              3,             -1,       Disabled
  06/20/2022 11:56:09.411,     2.75736e+0,     0.00000e+0,     2.87698e+4,     0.00000e+0,     3.90559e+2,     0.00000e+0,     2.83904e+0,     0.00000e+0,     4.02128e+2,     0.00000e+0,     1.40286e+2,     0.00000e+0,     3.61154e+1,     0.00000e+0,     3.78790e+1,     0.00000e+0,     1.13029e+1,     0.00000e+0,     8.31361e+0,     0.00000e+0,     7.12569e-1,     0.00000e+0,    -7.60486e+0,     0.00000e+0,     2.00000e+1,     0.00000e+0,     2.00000e+1,     0.00000e+0,              3,             -1,       Disabled
  06/20/2022 11:56:10.406,     2.75207e+0,     0.00000e+0,     2.88495e+4,     0.00000e+0,     3.90699e+2,     0.00000e+0,     2.83382e+0,     0.00000e+0,     4.02306e+2,     0.00000e+0,     1.40283e+2,     0.00000e+0,     3.61164e+1,     0.00000e+0,     3.78760e+1,     0.00000e+0,     1.13015e+1,     0.00000e+0,     8.31093e+0,     0.00000e+0,     7.12569e-1,     0.00000e+0,    -7.60486e+0,     0.00000e+0,     2.00000e+1,     0.00000e+0,     2.00000e+1,     0.00000e+0,              3,             -1,       Disabled
  06/20/2022 11:56:11.401,     2.74511e+0,     0.00000e+0,     2.88107e+4,     0.00000e+0,     3.90812e+2,     0.00000e+0,     2.82655e+0,     0.00000e+0,     4.02406e+2,     0.00000e+0,     1.40286e+2,     0.00000e+0,     3.61153e+1,     0.00000e+0,     3.78702e+1,     0.00000e+0,     1.13034e+1,     0.00000e+0,     8.31332e+0,     0.00000e+0,     7.12654e-1,     0.00000e+0,    -7.60479e+0,     0.00000e+0,     2.00000e+1,     0.00000e+0,     2.00000e+1,     0.00000e+0,              3,             -1,       Disabled
  06/20/2022 11:56:12.395,     2.73990e+0,     0.00000e+0,     2.87700e+4,     0.00000e+0,     3.90565e+2,     0.00000e+0,     2.82106e+0,     0.00000e+0,     4.02135e+2,     0.00000e+0,     1.40333e+2,     0.00000e+0,     3.61156e+1,     0.00000e+0,     3.78691e+1,     0.00000e+0,     1.13029e+1,     0.00000e+0,     8.31235e+0,     0.00000e+0,     7.12654e-1,     0.00000e+0,    -7.60479e+0,     0.00000e+0,     2.00000e+1,     0.00000e+0,     2.00000e+1,     0.00000e+0,              3,             -1,       Disabled
  06/20/2022 11:56:13.390,     2.73657e+0,     0.00000e+0,     2.87445e+4,     0.00000e+0,     3.90720e+2,     0.00000e+0,     2.81756e+0,     0.00000e+0,     4.02284e+2,     0.00000e+0,     1.40343e+2,     0.00000e+0,     3.61154e+1,     0.00000e+0,     3.78636e+1,     0.00000e+0,     1.13024e+1,     0.00000e+0,     8.31383e+0,     0.00000e+0,     7.12654e-1,     0.00000e+0,    -7.60472e+0,     0.00000e+0,     2.00000e+1,     0.00000e+0,     2.00000e+1,     0.00000e+0,              3,             -1,       Disabled
  06/20/2022 11:56:14.384,     2.73336e+0,     0.00000e+0,     2.87155e+4,     0.00000e+0,     3.90674e+2,     0.00000e+0,     2.81417e+0,     0.00000e+0,     4.02224e+2,     0.00000e+0,     1.40346e+2,     0.00000e+0,     3.61160e+1,     0.00000e+0,     3.78706e+1,     0.00000e+0,     1.13016e+1,     0.00000e+0,     8.31426e+0,     0.00000e+0,     7.12654e-1,     0.00000e+0,    -7.60472e+0,     0.00000e+0,     2.00000e+1,     0.00000e+0,     2.00000e+1,     0.00000e+0,              3,             -1,       Disabled
  06/20/2022 11:56:15.380,     2.73039e+0,     0.00000e+0,     2.87042e+4,     0.00000e+0,     3.90690e+2,     0.00000e+0,     2.81108e+0,     0.00000e+0,     4.02236e+2,     0.00000e+0,     1.40374e+2,     0.00000e+0,     3.61154e+1,     0.00000e+0,     3.78683e+1,     0.00000e+0,     1.13027e+1,     0.00000e+0,     8.31331e+0,     0.00000e+0,     7.12654e-1,     0.00000e+0,    -7.60472e+0,     0.00000e+0,     2.00000e+1,     0.00000e+0,     2.00000e+1,     0.00000e+0,              3,             -1,       Disabled
  06/20/2022 11:56:16.373,     2.72805e+0,     0.00000e+0,     2.86187e+4,     0.00000e+0,     3.90828e+2,     0.00000e+0,     2.80842e+0,     0.00000e+0,     4.02342e+2,     0.00000e+0,     1.40331e+2,     0.00000e+0,     3.61161e+1,     0.00000e+0,     3.78737e+1,     0.00000e+0,     1.13039e+1,     0.00000e+0,     8.31162e+0,     0.00000e+0,     7.12654e-1,     0.00000e+0,    -7.60472e+0,     0.00000e+0,     2.00000e+1,     0.00000e+0,     2.00000e+1,     0.00000e+0,              3,             -1,       Disabled
  06/20/2022 11:56:17.368,     2.72723e+0,     0.00000e+0,     2.86282e+4,     0.00000e+0,     3.90868e+2,     0.00000e+0,     2.80760e+0,     0.00000e+0,     4.02387e+2,     0.00000e+0,     1.40326e+2,     0.00000e+0,     3.61161e+1,     0.00000e+0,     3.78710e+1,     0.00000e+0,     1.13007e+1,     0.00000e+0,     8.31353e+0,     0.00000e+0,     7.12654e-1,     0.00000e+0,    -7.60472e+0,     0.00000e+0,     2.00000e+1,     0.00000e+0,     2.00000e+1,     0.00000e+0,              3,             -1,       Disabled
  06/20/2022 11:56:18.363,     2.72436e+0,     0.00000e+0,     2.86592e+4,     0.00000e+0,     3.90616e+2,     0.00000e+0,     2.80474e+0,     0.00000e+0,     4.02141e+2,     0.00000e+0,     1.40322e+2,     0.00000e+0,     3.61165e+1,     0.00000e+0,     3.78736e+1,     0.00000e+0,     1.13024e+1,     0.00000e+0,     8.31441e+0,     0.00000e+0,     7.12654e-1,     0.00000e+0,    -7.60472e+0,     0.00000e+0,     2.00000e+1,     0.00000e+0,     2.00000e+1,     0.00000e+0,              3,             -1,       Disabled
  06/20/2022 11:56:19.363,     2.72107e+0,     0.00000e+0,     2.86603e+4,     0.00000e+0,     3.90793e+2,     0.00000e+0,     2.80136e+0,     0.00000e+0,     4.02324e+2,     0.00000e+0,     1.40316e+2,     0.00000e+0,     3.61168e+1,     0.00000e+0,     3.78725e+1,     0.00000e+0,     1.13030e+1,     0.00000e+0,     8.31145e+0,     0.00000e+0,     7.12654e-1,     0.00000e+0,    -7.60472e+0,     0.00000e+0,     2.00000e+1,     0.00000e+0,     2.00000e+1,     0.00000e+0,              3,             -1,       Disabled
                                                                                                                                                                                                                                                                                                                                                                                                                                                                                                                                                                                                                                                                                                                                                                                                                                                                                                                                                                                                                                                                                    